138993
132596
439726
726898
634835
503652
338256
322460
223528
810436
252775
239006
265383
216376
232375
733973
936020
564806
862600
955635
104370
339474
874821
595542
179011
595203
453081
685156
382880
48875
913822
520874
180471
353548
247772
814307
856201
585029
136767
79729
395465
388542
317735
659848
603919
549111
393822
539939
113917
256422
495575
217287
594897
370396
811830
772908
964600
264911
458065
347481
312787
371887
867355
492259
724436
115128
306566
580637
699157
442333
659367
94622
829876
976103
753471
433796
525214
147294
972735
638131
402717
468311
854419
996614
837707
666249
769523
802308
930161
227588
149789
242948
598476
17145
734207
322912
131273
40773
902550
829431
482107
561917
923054
311984
538020
676526
744780
63234
822820
717516
700366
225537
185827
554786
222151
23535
221035
990674
824843
151197
218263
973633
393145
815740
989779
127353
138653
121052
167126
41203
949484
648234
602121
872538
959218
140141
549064
703999
202376
371884
421515
901742
596422
606343
456528
817573
628878
676564
808248
453722
826761
26512
427356
219907
841252
417135
346260
978905
537188
512387
20109
486672
160621
621230
359211
119840
760371
907275
822839
961748
279160
244355
863491
874582
849699
320020
692156
478577
995584
500404
931300
822346
525916
358657
42253
367169
774792
387514
346074
311981
898901
365183
797653
59522
985414
156864
178362
745785
64140
1202
707534
342300
244558
571025
216883
94257
890045
908039
571835
885629
408444
503135
707976
933361
860792
749230
300530
635585
136744
645605
946566
35645
10789
744220
94167
995203
900085
271530
740989
963225
271733
448523
305526
515291
19548
521409
608548
908593
429449
180383
794223
836893
682519
502200
770254
543312
251430
70785
178897
387174
715390
125464
421819
725179
868684
514987
720382
768769
785517
461371
731995
57251
908894
37521
571542
927443
557931
180090
836037
986380
359474
630260
823274
41993
132461
593528
584305
382891
663314
762202
769065
378704
886666
190885
103883
755351
704872
823266
524121
490390
284637
256116
546641
193532
292638
118184
120976
849569
297274
956013
835950
655749
586274
659224
696742
717735
252753
281047
100626
915067
43250
868692
293771
928917
59577
396655
684268
763450
219921
208390
253840
503559
463506
799482
696092
755145
916666
816068
604714
213941
772082
440664
868690
358356
99888
565432
76092
351642
845480
175719
266709
887730
44411
559480
816647
102989
955136
500916
865439
175058
708306
119280
677618
171813
917762
373710
925958
834428
189779
530673
48370
960861
970337
916060
319218
70226
481492
394310
420868
326972
569029
686578
214703
612441
246059
31351
714430
201195
531267
579870
375254
239574
698150
52872
410388
615913
425582
336347
450342
614362
866020
497712
575224
836358
413772
893442
905585
894265
287753
326453
221238
855783
13032
434941
468225
258091
465292
182656
458287
995560
761526
832541
235135
459677
884413
644523
75590
309996
979870
524932
923358
845890
22645
498583
682249
435417
392025
587834
329683
678779
913288
549921
534563
925320
983863
2788
183411
449156
184444
640698
444716
944971
473239
678851
404648
357652
323375
479239
666649
303246
4172
590007
149137
25817
88590
830386
460235
479616
418220
788919
158396
331508
338840
691959
256828
322703
693748
439240
770859
877192
79938
215576
822164
552178
893428
226813
908831
216803
705053
575480
519050
708225
165488
667187
733043
253078
497573
193279
731695
914793
981198
889091
246301
320039
581051
502130
641743
274799
940370
412603
151992
20309
627179
973156
571488
520608
199970
480319
736412
904023
55800
255462
612249
220288
921649
345293
472367
419222
537573
204062
334016
518771
93154
579318
837811
673206
81448
479554
947006
21819
891157
98998
41129
518337
72155
611617
38945
271125
91937
774357
175149
146737
29819
786398
366026
950468
131692
837393
369691
668265
41456
702707
187037
133611
282025
24848
805817
362474
503403
752823
383293
394561
850822
423422
911898
921978
35040
949844
193104
125977
724201
367253
271715
753021
153652
636741
703490
284344
474134
73182
951610
514591
774889
138647
647203
56915
162495
453021
418390
664899
205844
800683
59460
56667
224106
970358
977645
258147
920203
170750
383124
644404
537003
653839
397426
689656
290580
100916
973000
763715
173099
924610
278307
946988
63258
924510
3904
224754
377531
421294
888653
582376
221978
947113
638044
445085
917472
615690
702232
837675
785440
85357
482080
322444
738196
878507
12100
28777
978423
984101
791493
151522
908712
69801
98511
970970
993311
101416
195724
370843
521710
84377
952219
742689
31491
590264
187774
947963
205954
889007
785639
990394
973364
267720
312838
711560
146227
323938
739338
124651
308039
530832
275174
216751
599633
372685
187722
592944
473102
382446
962788
993812
465824
915007
736502
496315
505272
923276
444279
710226
812283
229918
700620
785647
496638
13459
497208
641865
336398
236547
765517
643438
766379
40691
859190
366012
412376
46912
957957
884478
428358
920745
878291
893182
835753
614793
389498
341025
538070
832777
51252
350353
62696
750872
136001
558335
763332
632210
200201
99730
867757
964718
742168
634137
5409
601359
999150
416786
647271
957107
301264
75630
877853
179556
967812
713607
793350
357311
54632
331420
190088
104885
680774
251785
854757
815775
809120
618090
447986
9321
716821
315744
973039
458989
948881
977448
60349
948031
394234
706620
905139
694499
781250
782993
873056
749063
496600
666406
106374
550233
996826
295463
654118
677600
546248
508876
493376
355368
126966
940363
363690
842787
256107
336729
301777
204988
314178
361127
153020
707413
67747
58160
401912
847997
840153
274968
597061
336753
940374
702436
885987
937201
996899
540105
614802
543147
48982
108178
897516
174949
48541
261206
17737
303649
596936
318515
507638
910114
678642
659658
617527
745389
716819
19440
593387
556972
293408
190448
892726
233783
891884
778714
170985
888784
318819
784787
431932
366802
891966
329448
540751
939508
589655
557488
243157
186591
875003
749795
96706
553646
409454
713234
299035
126273
731674
891423
682245
25083
81872
574972
257867
972757
353686
427852
861541
671506
212640
293473
38308
104606
621922
578060
44114
211578
135549
286271
397170
10553
36067
492876
563199
444521
206110
861235
569794
936785
752658
252040
960868
833530
826012
218735
806287
179699
645588
667829
850206
857228
960303
887515
960834
582225
465575
4949
792803
600125
290221
189974
609678
325288
681850
172877
768810
886961
34113
338604
823746
785771
589645
784615
619302
415657
3351
425590
594357
647939
93419
444563
505167
53722
332078
466002
634948
796654
469952
427752
396779
759173
616726
6458
84462
298577
178336
852272
185539
211449
190877
9286
996220
779522
792901
615523
195180
795252
41114
788537
443192
133533
233101
947360
186256
564180
413363
820205
360835
882315
247957
756614
641488
863684
762072
724951
162261
939408
577223
346801
150858
767100
355087
147079
546622
147988
761602
740802
942241
801716
529340
385434
934250
761442
332794
120507
325622
745157
939712
685457
627473
187670
442072
268961
51354
204145
992913
212616
143554
570136
558417
293412
337237
912504
439491
882860
60493
201094
623663
2735
2810
153003
387169
936061
913445
718964
56568
239068
464122
995281
923525
91595
182951
365597
359557
233305
568743
352470
444921
711297
921607
3339
4709
258844
914843
443201
141704
974337
643295
764367
976072
645106
916371
363242
581167
829817
82207
636736
68885
545329
632017
991411
635925
813968
357009
994483
47274
924752
346953
491196
636049
268560
493535
639759
526405
408379
82960
667110
382716
725256
431478
358789
370362
347849
721031
950530
177667
802238
587266
245552
347568
219284
236963
982494
33252
592973
976977
79527
517725
323931
569723
153775
591492
63259
792534
117897
470638
874495
784007
852354
599752
215486
211143
969114
562335
931175
919644
739002
733414
506911
983555
80983
725195
220519
63478
757448
812492
40455
835975
330217
363386
405698
482993
953879
467957
275528
71776
937596
150024
854784
789951
748776
70270
1095
717890
631606
931270
637535
370609
664685
144447
354164
744668
868643
573683
807146
626091
386176
846602
462066
715394
209989
866765
198387
163868
334723
472915
234645
272320
621940
89430
62271
370716
158701
62366
88607
789308
992637
725142
159917
657322
868590
513082
401991
737233
86765
209138
363325
471941
55740
824391
187336
264730
691157
384723
427599
25881
856639
661245
297201
478579
749675
358473
848295
907377
419839
935902
696685
412476
661045
855603
69799
529636
368685
470790
266869
454451
678929
629194
925393
733670
453586
112729
997400
144744
496452
424999
169626
353092
86244
465828
830671
834920
823301
678967
742298
243140
614870
438983
654617
275915
294587
723416
804552
662272
194207
71422
116723
872136
699616
42117
605806
153203
153846
603207
296948
649299
28206
465574
2391
113451
930402
832062
947372
753704
511029
689670
995845
125899
128654
650462
400815
422241
373879
205367
84514
567086
275789
200238
439223
974406
241355
45029
127610
394201
647236
423558
43500
674443
888133
44891
786895
818536
875954
734268
572240
386984
423938
568085
511884
551593
218548
911699
972835
591427
117067
57350
158514
391857
256588
596737
366264
496944
640767
492874
890146
288004
915433
932647
961447
803566
976539
748343
622102
852493
482611
194343
239477
905550
761428
750361
457143
978976
662061
429979
570403
778129
486329
727918
169986
741917
324655
535251
238862
964422
28125
129008
252427
942559
61655
213874
746125
38194
961218
368228
889687
443830
561571
129165
349380
322999
878527
805524
301976
540589
235503
871380
318718
720833
599298
487705
462751
922953
22956
700613
887376
50081
828621
139803
991640
889276
352678
737766
926471
313897
105994
816159
756727
666565
944325
106107
988565
822852
910632
290541
363441
146136
161922
681160
865969
760220
168865
328720
683174
190821
29334
570550
239903
856955
709354
231544
746232
62032
968311
672704
374929
74305
488863
131657
739871
433188
236765
728437
256041
147397
18979
618483
292534
179901
299643
158503
939121
467509
486224
622296
657330
514558
192846
896234
371514
901200
127779
117747
962233
96090
789451
337163
169396
278314
467820
908267
710503
703585
636705
965544
849983
654684
584028
142517
833586
882672
300021
772708
350181
785245
395004
7512
299804
586851
902746
670318
488052
30525
787065
450286
125615
576516
786449
294011
853831
254270
202279
564334
956856
837985
529879
806839
492670
113907
948357
326256
995579
248378
98965
345761
33624
492969
352273
332428
79821
255020
2746
566873
284545
788812
17159
409161
365329
802609
702173
219160
56879
903453
782495
13736
741438
312375
819575
234108
425283
767933
559365
420863
16311
657330
765624
48936
150300
117897
380364
229121
371918
382111
794995
655463
170924
811155
64625
535253
613764
765799
753414
669644
669252
535910
682380
410691
847285
501956
643800
272568
269889
203165
692431
285201
859496
458056
333137
9797
574954
712502
237919
945872
94613
32914
601336
264537
843070
664962
798790
456834
430761
552205
126479
100014
88115
807859
509705
934401
309816
153506
206969
578705
355672
898401
862907
215168
356458
196045
223965
930412
907547
460884
876284
2160
492799
477620
265698
335869
142582
64489
791704
572344
615694
917184
671358
702810
725043
181064
637211
34860
333571
843181
612566
688243
741582
475473
902411
98041
670518
126377
28453
578066
586262
903737
579226
79061
381358
843925
413931
522941
907414
205636
95285
523108
122820
765644
225918
846864
945709
862130
880724
279280
705311
493290
966523
446894
967764
868935
543935
638282
994312
571388
216348
580574
475126
794575
658635
855485
638500
72567
378427
545915
277203
472713
69023
399023
238357
293942
245888
184067
156073
126612
462347
860384
618902
428870
307278
586666
297805
850214
224949
292118
421602
440298
871692
895729
234874
530328
751215
872375
601895
129642
418290
878099
601355
486314
277123
838713
779257
522011
22780
934330
647623
484127
794714
266526
911998
101993
852193
209804
951207
77143
500923
372810
516442
372615
268540
750316
901943
19755
622692
503839
148398
40983
381938
748754
526297
658062
587467
305555
180073
609247
239885
826697
93375
34600
93223
5374
135594
944416
214179
86801
21560
714102
458612
537002
86718
726153
287319
987662
744908
909011
491501
892307
948994
872440
641061
475292
530502
228528
779847
709576
836776
19733
536273
929152
53333
628496
933527
187927
572913
147707
273729
593474
860810
731342
130476
946528
457495
416795
934190
202404
325807
425691
94711
274801
298132
734773
749094
827635
962302
528941
537211
799079
547674
73484
728232
600008
700981
661759
786935
273895
808466
60665
866369
669277
791008
995845
615805
248503
412641
549995
449907
737448
974687
543619
12250
272820
278393
760344
100455
240695
289286
636667
39774
835960
709151
767006
435968
410133
428766
222904
683028
237233
282570
549397
905510
73578
545243
521315
321082
956884
71311
769989
694333
45998
313609
705583
317819
591002
465928
417274
830698
754214
53941
869472
590175
762093
636479
26144
172226
65245
248048
854255
301478
529619
403652
206989
602197
947895
727304
922279
904780
797616
692269
599113
842615
5879
304697
160434
595882
769626
576708
426580
523840
629650
296053
114016
391744
931532
139160
562971
995777
386209
417226
297256
914829
819879
503245
517026
767775
230550
439306
672556
28166
131576
271669
869781
136456
575367
30216
731338
344993
605925
157918
867834
235575
452971
980850
626320
384504
120011
189291
380282
505221
605518
676539
420050
425398
179785
936077
193173
409335
375384
864729
436502
505960
136399
306284
641417
710766
335500
372755
55760
940425
529674
922594
176001
981646
903445
801321
366150
23457
989613
745433
527678
595132
421972
946729
20530
600757
882806
212704
10093
258190
77433
445595
763151
212833
750880
404568
922600
86380
776324
977360
26806
305998
899955
201807
287645
803400
3129
652796
825857
991743
398229
353536
586876
819201
300265
606406
419958
183072
818110
429051
440262
894544
873647
203414
107377
624527
606983
29977
709908
383307
7338
735714
688306
906293
936522
974952
709693
938652
627748
535551
930396
25977
888088
517272
844178
188353
123679
264136
370425
940790
692188
809688
835334
565835
13103
941712
190363
619086
970690
899271
2394
977028
634986
689701
883322
571509
664653
593016
510162
292401
128567
440558
317378
16656
956831
161557
204010
80510
424694
573436
21300
116882
383124
855635
681718
395228
797348
871081
14315
768038
770352
15709
745067
405339
704411
628389
975848
369064
221405
486011
660466
348973
925569
976845
364629
882401
138402
567639
961911
562096
141076
982212
677979
523201
837848
359697
917429
635196
230778
930744
403235
1131
945454
148302
405471
649865
775692
381320
18930
996097
866331
678396
345071
791900
655241
708700
674302
792644
276340
636214
354741
416417
618426
32721
938618
456275
391418
856047
91471
621197
786792
493706
621329
732246
641009
26800
382111
416701
407120
400041
412798
273451
78437
756869
65352
732679
465570
738654
525324
740911
374868
879066
157328
992295
910787
95946
448570
302206
950994
539042
922403
737786
32748
543732
470032
672757
569533
851144
89458
975653
251185
501257
249105
328623
258127
313458
61303
722698
52113
585628
463610
425982
464694
619938
418277
375481
714885
865848
676687
665880
404890
599091
403666
436639
142824
872699
109397
711357
723844
197856
687011
974029
698113
935117
302653
955241
248575
362957
677939
299688
947585
141549
724671
412280
760488
142949
786762
475374
8797
463450
141254
412688
62541
543921
848328
204366
416621
956725
914724
140465
154581
601735
114495
851695
536853
416148
806937
784429
778106
484877
84118
725692
625427
807789
137972
385915
949738
923734
860290
957535
387184
1544
370224
448726
544466
218552
652092
960087
175278
566816
100552
328860
168552
214047
180556
704406
629196
986493
488835
407303
471370
571953
132995
96797
379742
269967
481713
329480
193702
342003
287016
579887
342548
656240
28613
886015
873793
679706
846102
49072
246523
945655
376932
414075
159703
556488
118481
787900
542981
606317
195203
14352
178270
327198
110150
557012
596166
590863
885493
788868
931867
172510
368755
274416
827751
396369
160431
701544
76075
6533
749616
321598
951189
126549
734674
110892
682037
852156
897792
225019
458473
92996
238371
635744
419195
347521
192757
15361
937385
78250
803230
869252
249760
171986
143668
77511
567356
303100
778056
642431
308634
527673
963030
259823
653222
697705
369715
335259
549862
267508
559278
8335
359504
796650
643080
777699
144171
834837
792061
81556
912088
595291
949809
161849
766278
93478
238361
333634
395578
16418
975066
703212
543091
938097
962036
196314
635802
331751
530574
185664
598260
89852
193000
956764
885503
835080
734464
29674
669918
526526
110231
582007
121818
60041
742856
887096
152519
980218
220731
547098
995636
195797
250311
538728
133894
212347
734042
768697
543099
264616
953362
141359
353469
146363
98124
238972
980443
831589
267647
650362
358115
376878
232369
478933
435919
974226
366030
587439
954444
585761
134537
950080
780559
383849
488809
913453
595196
222851
682151
138295
486467
635513
278655
838936
780876
375779
77909
761320
207368
344556
411683
564483
720434
643053
43417
156354
617279
408447
742793
571723
993208
876331
521804
773767
260181
10613
687221
854377
232465
369373
991673
717933
4887
270328
556869
784764
645108
633779
546085
851476
977335
956768
415960
697770
599821
458378
853124
217101
865825
595918
787825
859034
472250
309629
632802
731431
319243
320024
585809
550709
688397
577482
268642
692285
846811
824512
477049
491919
458291
23134
343396
435626
978903
758357
133396
578724
216735
985521
794825
82561
581440
582650
940595
53690
891280
573397
784122
210524
892422
369931
760233
580819
946414
28875
273104
793226
852388
749154
285145
310679
771288
627542
745305
750191
385899
877702
328916
601634
863223
123742
683195
444664
705393
623791
497355
596674
197189
281477
806198
89611
650409
566432
669430
596824
594308
941535
390050
446696
690689
674196
756375
461978
301738
501681
212169
686637
379383
540086
288272
242607
662828
970468
686271
368222
594259
183626
963896
790448
464104
770094
879059
114513
336527
548490
710338
929835
490026
100388
376532
180715
773584
132907
641694
75322
633589
852864
760960
12972
392950
49232
254580
55779
19701
939852
423001
612960
123478
386897
403408
586583
156992
282468
700096
492519
829958
410434
422355
319985
509823
797887
499701
283407
929795
141395
357730
563384
993259
118691
575356
386210
166924
828937
440989
185625
768789
862991
797585
891267
249889
200994
477851
405881
482462
177947
897401
312421
587382
319756
631406
97206
117643
131108
379614
47438
271503
736344
609822
264763
854035
185179
649973
20959
14116
90963
205584
781906
952955
3170
673174
202844
203164
151025
607725
684627
327973
505126
996049
914355
823882
627455
11562
940526
757564
390176
986965
29067
126520
596788
292830
979556
780967
941804
999516
794084
32767
205101
575990
984723
207271
249165
187567
409436
399190
794292
94063
726163
299419
90112
640519
123301
716568
651081
63828
474132
41257
50793
502200
166778
646581
794030
146335
427549
735835
145851
221634
767603
349952
796625
752326
556224
45790
938893
964660
443980
733186
58724
170143
32605
147836
809663
154907
863405
460744
217735
337538
501002
267529
838738
666780
913111
632769
812115
340660
368604
956967
561295
136207
306920
357920
887534
862144
402711
826427
826805
845691
559613
884529
15835
591218
32366
824498
745126
894772
285243
961861
232310
785245
229390
71048
452026
142501
702817
264142
482162
71422
221109
43457
206630
527029
400378
94164
389174
802089
919591
215979
647781
479205
100509
662616
70424
131875
487115
814550
26647
771359
776412
257958
556604
5803
328006
8631
147305
30824
271773
628467
101246
491882
670925
306876
18912
71304
400041
407086
872393
319633
622066
520174
797838
721575
182791
867263
852451
668907
681813
878099
440266
458226
136057
995871
463029
463064
4502
609334
492888
275275
237802
593134
766158
907727
899011
784070
978032
299052
191156
850425
617685
812222
370600
415524
533798
552392
282787
386249
221299
963601
264349
660566
421827
399407
656438
883856
861471
659940
493191
354359
934216
729993
946494
700374
637721
845506
484444
615753
144558
674601
466179
761244
486824
835779
176769
20622
388172
458556
405872
608472
422158
669222
269038
842985
68629
924477
726842
929100
584417
220034
283460
518633
949027
229954
219008
586749
75460
702453
202502
219019
377054
667682
979264
862878
503462
156033
882501
890634
613590
288373
499106
35748
956595
767145
877734
25225
691622
604577
953325
276040
823611
236785
793674
772639
465740
12682
359388
540200
714135
560891
758220
91189
228573
737484
953068
731035
892517
835569
621670
506108
123943
120776
540856
80539
886922
418591
104764
578545
23168
58089
853585
845780
293875
647259
618419
758615
658942
976808
298815
373077
537699
57036
463267
765273
793520
416336
496309
686038
251905
117979
192146
374848
237756
732003
454387
124679
150594
558151
702224
172763
615241
555809
18543
908116
203069
635962
666731
861011
612771
964547
234088
150471
21583
696356
914744
814104
112692
411054
500143
363598
528034
691290
737447
764791
423293
191835
888470
572888
748987
590694
744651
364228
146504
762195
272345
348573
398158
938077
209584
10929
902624
442673
160400
923208
139029
75145
737313
250722
485200
237456
613321
13234
927746
350768
777026
351040
541604
665496
922929
290591
256191
667581
653820
401695
429776
925166
749269
826935
863243
957853
836864
765868
400526
996265
689076
538556
71411
426389
788279
555611
662846
401600
567846
590593
751369
344872
940634
292973
10369
863563
582565
265560
531144
236386
666256
959921
161552
415525
786856
24795
373378
623721
789663
772905
619986
478740
311462
690397
904130
99741
246009
566976
500342
812855
157569
251712
157728
98203
543685
167097
960767
126251
431657
491911
361637
97913
451832
522189
512439
238689
545985
884817
861410
335649
657723
481396
813389
968185
171794
717519
67927
416803
284496
567269
229659
441066
817981
386387
538269
361667
552484
499036
486918
983142
989948
847556
81056
441781
369746
592495
679471
914731
477313
540881
250380
135036
22278
63770
103221
193072
780290
170148
608876
64786
736418
837536
504852
554399
223924
43122
915066
775408
541159
401985
758551
531107
249541
838607
971889
618287
431102
651360
533019
907415
192242
782400
42451
213520
845170
144673
405593
625460
313822
14470
689247
50240
851006
194099
603639
74930
236221
518706
849339
776380
919692
607890
307488
169233
446498
279378
786521
876601
929738
319540
784016
121980
101940
825468
334501
946111
969142
739094
571572
282964
752564
260819
332204
603571
453918
934844
677502
689140
453551
526842
465520
373243
134733
772009
541477
580231
51387
327998
456832
980126
646539
240849
102107
747480
66318
435608
693591
35460
174703
265163
317424
926268
524983
648629
529839
977901
583474
207342
667042
37025
733184
132562
409268
866918
903572
949746
447149
953959
277744
902982
934086
923284
143832
36193
670764
209150
470802
364356
243610
644505
628520
560035
570773
153503
208665
100613
131405
791140
306955
797447
827165
40140
929009
236434
906058
832582
186180
353208
786542
462925
256190
720628
386209
399022
755821
56973
607173
226624
420329
849784
870129
48849
409820
440903
201353
617485
540516
331758
408625
846472
129205
235791
885612
58215
471226
791671
889797
656406
144879
676339
119332
400070
396967
504541
798093
152789
560515
405266
378414
979845
255050
248544
28695
663871
688447
229048
281357
228964
559806
688983
75436
688011
923774
960049
745227
395000
751720
635024
51407
895600
311364
169739
295670
707332
673281
93763
859122
233797
498029
237536
213642
752080
485080
241337
415951
173527
469385
696308
401492
29192
385291
475928
716204
309066
435978
461431
703066
187699
96456
753474
83299
406820
922214
377969
114153
595495
470732
972275
828292
967762
209811
41935
719842
693892
282272
135793
866419
750658
831102
267911
778850
216393
742840
495055
524459
178819
955486
227526
365518
51943
980000
447817
457764
902215
824786
570917
497710
295519
543192
326003
263281
752004
366939
982123
445896
648211
117917
312316
398870
948019
579228
177721
164413
322069
671776
687872
499888
627263
914399
864406
678206
894399
312224
135970
796615
137011
705888
294326
431530
249081
619329
693811
1085
985269
675935
445982
633481
792852
757298
32351
740872
336527
209072
904285
657596
879849
592158
157485
507112
506557
21891
185319
400957
333116
320290
197572
469127
26178
490898
899657
274259
110228
593469
274345
95497
269405
719327
727978
62258
476626
759330
802130
812154
967402
706416
469750
847252
298574
626236
354365
804131
647127
538684
205088
979244
857974
401661
448371
883153
891559
348029
157412
1787
940499
430758
96285
209904
150086
823263
271162
625713
582593
73293
437867
549996
778709
906618
397249
77283
532854
750614
880415
179982
289299
85503
159226
147274
486165
606598
30427
377724
953627
186840
378512
894127
616598
473798
104031
765684
297061
374194
391397
878655
446487
828264
428652
225196
734883
824901
301480
267737
575516
181895
446720
863815
266399
604946
11089
751564
211544
40516
129289
165172
226357
506801
59299
841955
979599
162331
607639
276661
535525
998037
155317
981013
826302
582969
206209
561185
407871
506690
827923
982387
687585
274643
846203
952984
878590
856293
704549
90134
895810
832838
254307
122167
339640
312606
963122
319239
473937
570762
594901
9463
568799
749218
989476
395102
332188
195686
955287
739059
701376
783211
721447
388962
57854
567650
341946
935445
423943
46496
25579
319754
878334
278886
440921
217974
590493
404043
536214
64431
973805
131116
72894
542605
879334
62370
936707
211523
257056
891995
949583
957433
675207
671030
346395
732062
238681
687342
667507
661625
732838
692086
980379
611172
969973
421300
828147
560467
824344
364361
623898
798150
494477
695792
340756
373812
757163
277463
584336
14220
169459
533919
970653
843666
204950
317049
575728
442631
4391
243235
104257
736230
934322
84637
347403
904296
504938
175550
464764
329282
538912
88662
127432
33390
783455
467188
406203
540618
743652
989539
553838
912112
523459
524492
755779
727409
840541
331508
170041
843933
573743
273298
580163
508066
356936
926567
412363
860874
102117
876128
190156
640030
963790
316589
672421
747246
782778
78624
287864
526431
68164
840703
438543
590623
365195
194323
318032
205737
524831
487073
49670
98575
759372
628834
605642
116308
555401
18005
976182
656519
893134
166339
296549
856924
481929
967970
604170
264707
46595
891035
790139
113759
731738
228683
703383
96934
422006
21415
301671
945837
507489
350342
44412
266862
978176
649054
382170
533577
666060
358353
190096
559194
523692
485646
416119
5621
453617
20290
269329
499212
910325
59468
611972
642064
287151
315356
737998
708157
335771
39670
653995
842261
389012
697407
109123
367189
346461
490293
899766
12522
847647
89863
570716
371339
574510
985836
375961
28127
6126
644291
526340
915452
702759
138313
557516
988911
452669
295515
697069
787441
334185
351064
629702
722198
48471
737826
89387
393933
228120
988154
405455
75767
78018
975172
446107
651528
961009
821069
678656
966135
465360
204997
881587
168119
342310
439103
157031
793980
733619
853100
581421
67804
204164
211124
789003
251636
947950
877391
644569
176070
865545
50025
250838
942564
25198
695945
594092
985207
517014
272749
951343
981374
476746
832930
149494
818056
272034
305525
612036
5653
158626
193458
72458
361790
403582
860462
612426
351533
737853
256996
526604
603399
306022
776442
545963
330220
472388
140056
315428
988402
411805
266771
969777
887551
99702
119272
705608
370737
423798
317645
375391
581424
510104
446849
942215
912687
307312
554641
264220
45165
810638
789824
647564
116661
566267
193527
445882
38655
332584
760310
27058
743389
27082
995835
630941
125785
115107
336549
495522
537905
653195
869913
119330
163299
316763
61545
75986
623075
615187
339207
667240
425825
129032
314805
541486
694299
507333
986368
731955
838917
746679
758013
582306
772762
753849
213248
897547
867957
548798
393069
405863
201993
262983
524193
364293
578746
584738
439280
201821
199925
777487
868062
624751
905519
182867
166237
599819
689200
152606
331775
528117
898285
89788
110424
671047
842638
322672
568595
710595
870470
960664
116458
72464
223647
639651
435757
801394
224389
874038
3215
423315
651525
870278
48066
557045
53145
213303
156865
741346
364910
487640
269464
263196
576429
378889
933244
419067
700562
501839
129662
571032
462504
245120
642497
685152
883772
78255
486546
108162
951293
488762
530477
602818
359040
577543
159864
411186
789847
315729
152532
154757
802370
420997
416953
378799
798886
350197
796866
499448
851036
925529
70481
313540
170650
711978
997692
54422
789234
484239
161584
740527
972001
691061
343346
331041
268605
502210
741228
58452
816940
892761
212209
619310
313758
628162
997109
112645
977359
793976
611093
828396
719505
680575
141937
889155
392554
139629
942578
181788
622868
104162
921315
594870
794224
264661
924912
62829
765871
666140
120281
582812
558901
331491
202122
871660
958653
199232
983305
936013
992208
594399
764410
711714
274974
905347
600870
666528
44977
543448
847316
666846
646611
768632
261716
440836
33293
186628
502665
798165
851769
621947
380977
410671
952439
582099
282331
911092
780332
265637
847106
772540
859036
611517
484255
134011
516864
85125
799539
560842
627573
646856
227688
274185
415488
488404
714021
447782
674033
216687
245947
525803
837634
625925
935474
790073
208024
217806
701166
987357
482444
548273
759898
341480
159790
244153
474491
675655
328279
274031
236497
954852
919887
463185
229038
335376
950590
942059
782158
624624
158746
28106
150428
995381
653031
85903
785455
860056
302710
486622
847413
784154
34896
607311
125635
193686
850465
599126
868342
178744
872158
104840
133597
792046
567025
361635
127422
517616
303695
908581
142241
461441
935688
291669
456823
588719
376573
242278
448776
678283
727901
296189
462437
761797
902501
587072
954484
752966
186199
822826
930711
58357
926666
64308
849403
493692
424943
975826
11309
727639
884408
152551
189080
820096
443221
644904
408816
818794
886183
856592
497077
614084
152781
958515
375882
55283
545588
330366
807249
730787
153193
737961
788145
79859
801269
637549
572552
226213
613376
582862
952852
497784
734413
141933
317880
177634
785837
725696
995429
672020
582288
492506
286105
734070
451022
660987
788353
995610
990353
595603
726398
143547
333564
514544
222407
134834
152093
793959
360047
764469
376822
312899
262254
111235
453833
579134
287870
239670
304831
283299
910691
886120
774805
196796
620190
225828
856783
408544
221439
847137
4148
946838
989684
336712
461382
212091
470546
612475
6051
829594
376945
381873
142494
638199
492109
595327
217334
778979
833997
521166
62278
744688
407286
836084
940485
27477
61912
797269
435022
282351
644406
438170
229189
634091
773883
689572
845183
244429
302048
850234
74024
677993
232108
215518
316193
723217
809845
532527
502196
643843
53694
563474
388532
459980
399558
329017
486457
460470
126286
920479
741822
769693
358650
970012
403784
132533
659584
248967
375963
960632
99202
448987
638626
330310
663505
953819
53528
473351
486347
554724
117194
539041
118198
504726
998022
516757
832744
484480
976228
958030
404960
718051
727723
762610
688063
131508
894143
347648
379476
270106
308280
477678
718093
945907
806989
381599
899727
859517
853950
386074
414242
970144
924116
531441
474871
922138
48198
307615
406618
24426
265646
810579
741477
992369
573189
429541
123878
467333
776189
502354
736439
84470
979033
454533
30377
786022
835132
929104
645540
689083
315179
59782
659228
239295
590223
134099
161434
637422
440715
567053
660848
705361
377632
402326
697731
949822
830868
820609
417155
607057
322964
153595
690527
301997
607128
719905
88020
442261
649010
732561
131344
963189
791343
789573
202485
381567
922673
362920
18989
363388
928973
678838
68749
306606
81165
765481
256428
911033
586091
672584
518091
908055
825179
208618
210053
432307
927524
297073
873569
576534
29634
4914
539724
819978
793487
741209
201546
716160
104129
219536
79548
33103
897374
147298
338709
977540
911780
594138
888573
497871
266723
406664
405927
91902
614283
614980
523210
541808
911054
396779
118342
939689
400693
657066
759668
194181
398276
960214
909341
501405
179750
987890
533509
77125
135189
871219
54665
46970
465358
942239
543841
731081
348904
948769
821983
962187
563750
345194
503995
474804
740973
621338
414494
141667
278405
174162
334849
675681
134377
244191
177087
313128
232081
709596
389253
366271
580816
442919
412241
46174
385158
955083
776255
733062
903852
598239
695250
467602
942433
199246
941407
683407
819585
355901
824075
97990
529064
158924
772672
662442
402115
948760
974570
633197
658357
363824
998469
239173
805744
410710
284347
190902
365793
60602
922965
269646
657842
618216
736248
600275
816463
677656
283683
636048
33558
107758
733038
561622
265683
505711
224065
666798
454471
198635
299996
112828
561460
298465
351001
367204
708176
634349
557107
73969
693952
480073
342616
351794
98289
78865
951070
913752
755521
234753
549800
788079
341511
282839
349702
606195
787551
572767
272994
242022
770402
571990
353851
331863
869456
703853
698067
577632
338202
255174
650602
32154
734247
992218
382949
831537
71083
334019
745289
825605
567772
295090
613684
908284
576930
962386
514479
364481
535154
786473
605504
305557
358464
958355
636420
227920
662208
334487
804553
999411
588662
455155
31566
322910
447374
413515
154447
517458
746535
898737
343063
314307
193828
955748
222592
769759
918135
736072
134240
453289
522546
738744
757846
880010
697100
394267
107931
359308
727755
911484
358720
316417
366640
389286
638328
813014
801802
791776
330472
548337
690513
672536
861645
883342
628285
84237
653101
546420
819310
786342
998710
341856
525086
756557
221866
222186
150824
328797
580495
877579
240282
938215
193997
605922
327502
831325
418937
129304
623101
748410
676642
313615
420946
538287
196957
49231
621525
849059
594652
440835
635401
593362
781691
160488
349919
3558
381674
499744
331356
961170
377323
570638
899386
570320
176561
226889
401646
594498
355194
24747
342908
31836
337362
762855
569124
533320
811087
190649
382380
405739
630485
17781
998102
412177
177269
348022
414735
557944
846766
745091
519115
224089
315730
418501
793410
491291
644391
195056
85789
998585
218804
427698
30421
555166
190554
598546
88487
1641
788196
469867
406381
418681
486649
404484
829858
662919
751506
244594
220864
598272
988685
738979
821362
304415
157481
614773
794707
800872
808829
879497
799457
27633
307195
828879
581800
496750
427425
669288
497391
215621
139156
902773
633303
624805
307257
463161
287724
58763
706756
507588
656036
695442
246568
477399
998858
403049
92172
793565
203922
900002
673062
3379
926636
979258
831258